https://www.ncdc.noaa.gov/cag/global/time-series/globe/land_ocean/p12/12/1880-2023.csv
Global Land and Ocean Temperature Anomalies
Units: Degrees Celsius
Base Period: 1901-2000
Missing: -999
Year,Value

  1880   -0.1125
  1881   -0.0767
  1882   -0.0900
  1883   -0.1742
  1884   -0.2633
  1885   -0.2475
  1886   -0.2400
  1887   -0.2808
  1888   -0.1275
  1889   -0.0800
  1890   -0.3358
  1891   -0.2517
  1892   -0.2975
  1893   -0.3258
  1894   -0.3133
  1895   -0.2425
  1896   -0.0917
  1897   -0.0925
  1898   -0.2700
  1899   -0.1542
  1900   -0.0725
  1901   -0.1517
  1902   -0.2592
  1903   -0.3750
  1904   -0.4483
  1905   -0.2708
  1906   -0.2050
  1907   -0.3783
  1908   -0.4250
  1909   -0.4392
  1910   -0.3992
  1911   -0.4408
  1912   -0.3350
  1913   -0.3175
  1914   -0.1392
  1915   -0.0942
  1916   -0.3225
  1917   -0.3950
  1918   -0.3042
  1919   -0.2492
  1920   -0.2308
  1921   -0.1617
  1922   -0.2467
  1923   -0.2517
  1924   -0.2425
  1925   -0.1775
  1926   -0.0733
  1927   -0.1692
  1928   -0.1808
  1929   -0.3283
  1930   -0.1058
  1931   -0.0575
  1932   -0.1275
  1933   -0.2567
  1934   -0.1092
  1935   -0.1542
  1936   -0.1150
  1937   -0.0083
  1938   -0.0175
  1939    0.0133
  1940    0.1592
  1941    0.2725
  1942    0.1108
  1943    0.1058
  1944    0.2783
  1945    0.1808
  1946   -0.0083
  1947   -0.0333
  1948   -0.0533
  1949   -0.0733
  1950   -0.1533
  1951   -0.0008
  1952    0.0442
  1953    0.1308
  1954   -0.1008
  1955   -0.1300
  1956   -0.1817
  1957    0.0708
  1958    0.1242
  1959    0.0783
  1960    0.0500
  1961    0.0950
  1962    0.1067
  1963    0.1175
  1964   -0.1433
  1965   -0.0717
  1966   -0.0092
  1967   -0.0025
  1968   -0.0283
  1969    0.1058
  1970    0.0567
  1971   -0.0692
  1972    0.0350
  1973    0.1933
  1974   -0.0633
  1975    0.0133
  1976   -0.0692
  1977    0.2108
  1978    0.1150
  1979    0.2250
  1980    0.2792
  1981    0.3217
  1982    0.1917
  1983    0.3575
  1984    0.1658
  1985    0.1558
  1986    0.2333
  1987    0.3817
  1988    0.3908
  1989    0.2925
  1990    0.4475
  1991    0.3867
  1992    0.2358
  1993    0.2808
  1994    0.3425
  1995    0.4667
  1996    0.3200
  1997    0.5133
  1998    0.6475
  1999    0.4375
  2000    0.4208
  2001    0.5667
  2002    0.6183
  2003    0.6367
  2004    0.5792
  2005    0.6633
  2006    0.6308
  2007    0.6133
  2008    0.5392
  2009    0.6400
  2010    0.7175
  2011    0.5717
  2012    0.6325
  2013    0.6700
  2014    0.7350
  2015    0.9242
  2016    0.9892
  2017    0.9050
  2018    0.8200
  2019    0.9425
  2020    0.9733
  2021    0.8350
  2022    0.9017
  2023    1.1841
  2024    1.2866
  2025    1.2083
